# column 1: time [ps]
# column 2: msd xyz [A^2]
# column 3: msd x [A^2]
# column 4: msd y [A^2]
# column 5: msd z [A^2]
# column 6: number of samples [-]
0.0005 9.71308e-05 3.23373e-05 3.20842e-05 3.27092e-05 (count: 2.985e+07)
0.001 0.000388485 0.000129345 0.000128333 0.000130808 (count: 2.985e+07)
0.0015 0.000873951 0.00029101 0.000288732 0.000294209 (count: 2.98499e+07)
0.002 0.00155334 0.000517309 0.000513261 0.000522768 (count: 2.98499e+07)
0.0025 0.00242638 0.000808213 0.000801888 0.000816283 (count: 2.98499e+07)
0.003 0.00349275 0.00116368 0.00115458 0.00117449 (count: 2.98498e+07)
0.0035 0.00475203 0.00158367 0.00157128 0.00159708 (count: 2.98498e+07)
0.004 0.00620373 0.00206811 0.00205193 0.00208368 (count: 2.98498e+07)
0.0045 0.0078473 0.00261695 0.00259648 0.00263386 (count: 2.98498e+07)
0.005 0.0096821 0.00323011 0.00320486 0.00324713 (count: 2.98497e+07)
0.0055 0.0117074 0.00390751 0.00387697 0.00392296 (count: 2.98497e+07)
0.006 0.0139226 0.00464906 0.00461273 0.00466076 (count: 2.98497e+07)
0.0065 0.0163266 0.00545466 0.00541205 0.00545988 (count: 2.98496e+07)
0.007 0.0189187 0.00632421 0.00627482 0.00631963 (count: 2.98496e+07)
0.0075 0.0216978 0.00725759 0.00720094 0.00723926 (count: 2.98496e+07)
0.008 0.0246629 0.00825469 0.00819027 0.00821798 (count: 2.98496e+07)
0.0085 0.027813 0.00931537 0.00924271 0.00925494 (count: 2.98495e+07)
0.009 0.0311468 0.0104395 0.0103581 0.0103492 (count: 2.98495e+07)
0.0095 0.0346632 0.0116269 0.0115363 0.0115 (count: 2.98495e+07)
0.01 0.0383609 0.0128775 0.0127772 0.0127061 (count: 2.98494e+07)
0.0105 0.0422385 0.0141911 0.0140807 0.0139667 (count: 2.98494e+07)
0.011 0.0462947 0.0155676 0.0154465 0.0152806 (count: 2.98494e+07)
0.0115 0.0505279 0.0170067 0.0168745 0.0166467 (count: 2.98493e+07)
0.012 0.0549368 0.0185083 0.0183645 0.018064 (count: 2.98493e+07)
0.0125 0.0595199 0.0200723 0.0199166 0.019531 (count: 1.19397e+06)
0.025 0.225394 0.078808 0.0782102 0.0683759 (count: 1.19394e+06)
0.0375 0.468232 0.17264 0.17137 0.124222 (count: 1.19391e+06)
0.05 0.758254 0.297243 0.295128 0.165883 (count: 1.19388e+06)
0.0625 1.07721 0.448262 0.445178 0.183768 (count: 1.19385e+06)
0.075 1.42074 0.62157 0.617423 0.181748 (count: 1.19382e+06)
0.0875 1.79263 0.813269 0.807984 0.171374 (count: 1.19379e+06)
0.1 2.19631 1.01964 1.01315 0.163517 (count: 1.19376e+06)
0.1125 2.62911 1.23711 1.22937 0.162637 (count: 1.19373e+06)
0.125 3.08177 1.46226 1.45322 0.16629 (count: 1.1937e+06)
0.1375 3.54221 1.69185 1.68149 0.16887 (count: 1.19367e+06)
0.15 4.00032 1.92284 1.91118 0.166299 (count: 1.19364e+06)
0.1625 4.4506 2.15244 2.13949 0.158675 (count: 1.19361e+06)
0.175 4.89168 2.37807 2.36387 0.149745 (count: 1.19358e+06)
0.1875 5.32361 2.59741 2.58199 0.14422 (count: 1.19355e+06)
0.2 5.745 2.80838 2.79178 0.144841 (count: 1.19352e+06)
0.2125 6.15159 3.00921 2.99143 0.150949 (count: 1.19349e+06)
0.225 6.53697 3.19839 3.17943 0.159155 (count: 1.19346e+06)
0.2375 6.89477 3.37472 3.35456 0.165487 (count: 1.19343e+06)
0.25 7.22083 3.53729 3.51593 0.167612 (count: 1.1934e+06)
0.2625 7.51418 3.68546 3.66289 0.165823 (count: 1.19337e+06)
0.275 7.77636 3.81887 3.7951 0.162397 (count: 1.19334e+06)
0.2875 8.00973 3.93739 3.91242 0.159923 (count: 1.19331e+06)
0.3 8.21581 4.04111 4.01497 0.15974 (count: 1.19328e+06)
0.3125 8.3229 4.12659 4.03418 0.162132 (count: 47730)
0.625 8.27659 4.08287 4.02666 0.167064 (count: 47700)
0.9375 9.12606 4.49579 4.45723 0.173036 (count: 47670)
1.25 9.37202 4.64048 4.55149 0.180048 (count: 47640)
1.5625 9.72019 4.78804 4.7439 0.188241 (count: 47610)
1.875 9.84142 4.8555 4.79071 0.195206 (count: 47580)
2.1875 10.0162 4.92627 4.88935 0.200535 (count: 47550)
2.5 10.065 4.92778 4.93033 0.206854 (count: 47520)
2.8125 10.1568 4.99735 4.94632 0.213165 (count: 47490)
3.125 10.2317 5.01328 4.99956 0.218893 (count: 47460)
3.4375 10.3042 5.0397 5.03743 0.227095 (count: 47430)
3.75 10.337 5.03643 5.07077 0.229826 (count: 47400)
4.0625 10.415 5.08279 5.09513 0.23707 (count: 47370)
4.375 10.5189 5.15081 5.12308 0.245056 (count: 47340)
4.6875 10.5982 5.19647 5.15028 0.251463 (count: 47310)
5 10.7013 5.22697 5.21519 0.259176 (count: 47280)
5.3125 10.7036 5.24355 5.19354 0.266511 (count: 47250)
5.625 10.7348 5.24217 5.21926 0.273417 (count: 47220)
5.9375 10.8418 5.29111 5.27093 0.279738 (count: 47190)
6.25 10.8683 5.30379 5.27755 0.286991 (count: 47160)
6.5625 10.9928 5.33551 5.36287 0.294427 (count: 47130)
6.875 11.074 5.38863 5.38533 0.300005 (count: 47100)
7.1875 11.1531 5.40947 5.43641 0.307188 (count: 47070)
7.5 11.206 5.44028 5.4488 0.316897 (count: 47040)
7.8125 11.6317 5.77087 5.53717 0.323658 (count: 1860)
15.625 13.0742 6.52781 6.06081 0.485564 (count: 1830)
23.4375 14.4317 7.08305 6.67943 0.66919 (count: 1800)
31.25 15.7029 7.72255 7.13635 0.843972 (count: 1770)
39.0625 16.8271 8.1615 7.69219 0.973408 (count: 1740)
46.875 18.0567 8.67958 8.28147 1.09567 (count: 1710)
54.6875 18.731 8.8323 8.6964 1.20227 (count: 1680)
62.5 20.3187 9.66728 9.33787 1.31355 (count: 1650)
70.3125 21.1141 10.1017 9.60154 1.41087 (count: 1620)
78.125 22.5869 10.8321 10.2474 1.50739 (count: 1590)
85.9375 24.0491 11.5058 10.9262 1.617 (count: 1560)
93.75 25.3365 12.1681 11.4584 1.71001 (count: 1530)
101.562 26.3521 12.5155 12.0315 1.80511 (count: 1500)
109.375 27.8919 13.3655 12.6323 1.8941 (count: 1470)
117.188 29.5077 14.1532 13.3322 2.02231 (count: 1440)
125 30.9058 14.6355 14.1187 2.15157 (count: 1410)
132.812 32.4187 15.1683 14.9462 2.30425 (count: 1380)
140.625 33.5744 15.3559 15.7876 2.43096 (count: 1350)
148.438 34.9033 16.1878 16.1543 2.56117 (count: 1320)
156.25 36.8505 16.6447 17.5253 2.68055 (count: 1290)
164.062 38.4802 17.498 18.1828 2.79937 (count: 1260)
171.875 40.2079 18.2253 19.0609 2.92168 (count: 1230)
179.688 42.167 19.2596 19.8523 3.05511 (count: 1200)
187.5 44.3168 19.9462 21.1592 3.21139 (count: 1170)
195.312 41.8668 14.8221 23.5929 3.45188 (count: 30)
