# column 1: time [ps]
# column 2: msd xyz [A^2]
# column 3: msd x [A^2]
# column 4: msd y [A^2]
# column 5: msd z [A^2]
# column 6: number of samples [-]
0.0005 9.76174e-05 3.24322e-05 3.22266e-05 3.29586e-05 (count: 995000)
0.001 0.000390433 0.000129725 0.000128903 0.000131805 (count: 994999)
0.0015 0.000878339 0.000291869 0.000290018 0.000296453 (count: 994998)
0.002 0.00156115 0.000518844 0.000515553 0.000526756 (count: 994997)
0.0025 0.00243862 0.000810628 0.000805483 0.000822511 (count: 994996)
0.003 0.00351042 0.00116719 0.00115978 0.00118346 (count: 994995)
0.0035 0.00477615 0.00158848 0.00157839 0.00160928 (count: 994994)
0.004 0.00623535 0.00207446 0.00206128 0.0020996 (count: 994993)
0.0045 0.00788747 0.00262508 0.00260839 0.00265399 (count: 994992)
0.005 0.00973192 0.00324028 0.00321967 0.00327197 (count: 994991)
0.0055 0.011768 0.00391999 0.00389503 0.00395299 (count: 994990)
0.006 0.013995 0.00466413 0.00463442 0.00469647 (count: 994989)
0.0065 0.0164121 0.00547262 0.00543774 0.00550174 (count: 994988)
0.007 0.0190184 0.00634539 0.00630492 0.00636813 (count: 994987)
0.0075 0.021813 0.00728233 0.00723585 0.00729487 (count: 994986)
0.008 0.024795 0.00828334 0.00823043 0.00828118 (count: 994985)
0.0085 0.0279631 0.00934833 0.00928857 0.00932619 (count: 994984)
0.009 0.0313163 0.0104772 0.0104101 0.010429 (count: 994983)
0.0095 0.0348535 0.0116698 0.011595 0.0115887 (count: 994982)
0.01 0.0385734 0.012926 0.0128431 0.0128043 (count: 994981)
0.0105 0.0424748 0.0142457 0.0141543 0.0140748 (count: 994980)
0.011 0.0465561 0.0156287 0.0155284 0.0153991 (count: 994979)
0.0115 0.0508162 0.017075 0.0169652 0.016776 (count: 994978)
0.012 0.0552535 0.0185843 0.0184647 0.0182045 (count: 994977)
0.0125 0.0598656 0.0201567 0.0200269 0.019682 (count: 39799)
0.025 0.227191 0.0793906 0.0788616 0.0689387 (count: 39798)
0.0375 0.473428 0.174638 0.173424 0.125366 (count: 39797)
0.05 0.769515 0.30201 0.29983 0.167675 (count: 39796)
0.0625 1.09748 0.457369 0.453971 0.186141 (count: 39795)
0.075 1.45273 0.636536 0.631739 0.184454 (count: 39794)
0.0875 1.83842 0.835343 0.82906 0.174017 (count: 39793)
0.1 2.25726 1.04965 1.0419 0.165713 (count: 39792)
0.1125 2.7059 1.27538 1.26632 0.164208 (count: 39791)
0.125 3.17447 1.50862 1.49848 0.167368 (count: 39790)
0.1375 3.65022 1.74567 1.73476 0.169793 (count: 39789)
0.15 4.1222 1.98308 1.97176 0.167366 (count: 39788)
0.1625 4.584 2.21772 2.20636 0.15992 (count: 39787)
0.175 5.03342 2.44676 2.43576 0.150907 (count: 39786)
0.1875 5.47002 2.66767 2.65745 0.144898 (count: 39785)
0.2 5.89232 2.87828 2.86927 0.144767 (count: 39784)
0.2125 6.29633 3.07676 3.06937 0.150189 (count: 39783)
0.225 6.67605 3.26164 3.25627 0.158135 (count: 39782)
0.2375 7.02544 3.43182 3.4288 0.164821 (count: 39781)
0.25 7.34048 3.58651 3.58612 0.167846 (count: 39780)
0.2625 7.62021 3.72527 3.72767 0.167271 (count: 39779)
0.275 7.86615 3.8479 3.85316 0.165089 (count: 39778)
0.2875 8.08067 3.95444 3.96259 0.163637 (count: 39777)
0.3 8.2654 4.04518 4.05617 0.164055 (count: 39776)
0.3125 8.38777 4.12111 4.11258 0.154068 (count: 1591)
0.625 7.93829 3.83414 3.95653 0.14762 (count: 1590)
0.9375 8.10523 3.92036 4.03595 0.14892 (count: 1589)
1.25 8.60259 4.2644 4.17721 0.160989 (count: 1588)
1.5625 8.72368 4.20375 4.35559 0.164334 (count: 1587)
1.875 8.7458 4.3532 4.2218 0.170793 (count: 1586)
2.1875 9.0292 4.35714 4.49693 0.175133 (count: 1585)
2.5 9.05738 4.24287 4.63719 0.177322 (count: 1584)
2.8125 8.95623 4.31662 4.45299 0.18662 (count: 1583)
3.125 9.04872 4.33006 4.52019 0.198473 (count: 1582)
3.4375 9.02372 4.33329 4.4885 0.201932 (count: 1581)
3.75 9.28456 4.32818 4.75067 0.205707 (count: 1580)
4.0625 9.36269 4.38581 4.76459 0.212293 (count: 1579)
4.375 9.4892 4.53747 4.72885 0.222891 (count: 1578)
4.6875 9.55487 4.54971 4.77636 0.228796 (count: 1577)
5 9.68852 4.6601 4.78795 0.240459 (count: 1576)
5.3125 10.0535 4.77439 5.03307 0.246048 (count: 1575)
5.625 9.59456 4.59991 4.74537 0.24928 (count: 1574)
5.9375 9.96266 4.85269 4.85936 0.250613 (count: 1573)
6.25 9.95623 4.7144 4.97887 0.262963 (count: 1572)
6.5625 10.1064 4.75838 5.07447 0.2735 (count: 1571)
6.875 10.1521 4.84906 5.02275 0.28025 (count: 1570)
7.1875 10.3118 4.87602 5.15274 0.28301 (count: 1569)
7.5 10.5335 4.92282 5.31376 0.296933 (count: 1568)
7.8125 12.5926 4.89975 7.44344 0.249433 (count: 62)
15.625 14.1383 5.45076 8.2753 0.412282 (count: 61)
23.4375 15.3136 5.04844 9.74979 0.515412 (count: 60)
31.25 19.6652 6.07772 12.9344 0.65312 (count: 59)
39.0625 18.8659 6.86833 11.3229 0.674592 (count: 58)
46.875 18.4071 4.88909 12.7262 0.791787 (count: 57)
54.6875 18.9128 5.68961 12.2878 0.935421 (count: 56)
62.5 22.217 6.83349 14.323 1.06046 (count: 55)
70.3125 22.3893 5.57102 15.7755 1.04281 (count: 54)
78.125 22.0709 5.29874 15.7582 1.01398 (count: 53)
85.9375 24.8206 6.46942 17.4259 0.925311 (count: 52)
93.75 21.5648 6.3771 14.3281 0.859595 (count: 51)
101.562 23.1419 6.02116 16.2525 0.868216 (count: 50)
109.375 25.774 8.23096 16.8236 0.719386 (count: 49)
117.188 25.215 7.16055 17.4409 0.613602 (count: 48)
125 28.1314 7.79213 19.7408 0.59843 (count: 47)
132.812 28.7592 7.84162 20.1934 0.724196 (count: 46)
140.625 29.0868 8.23186 20.0673 0.787628 (count: 45)
148.438 29.4741 9.24883 19.3226 0.902688 (count: 44)
156.25 31.1033 8.79914 21.3016 1.00251 (count: 43)
164.062 33.3484 9.07416 23.2632 1.01105 (count: 42)
171.875 36.1794 8.68783 26.432 1.05956 (count: 41)
179.688 35.2681 8.64314 25.5265 1.0985 (count: 40)
187.5 37.415 9.65962 26.5895 1.16594 (count: 39)
195.312 10.3012 0.522948 7.12954 2.64868 (count: 1)
